--------------------------  Timing Analysis: Experiment 1: Acyclic Breadth First Search ---------------------------
-------------------------------------------------------------------------------------------------
N	T(N)  	|	T(N)/logN	T(N)/N		T(N)/Nlog(N)	T(N)/N^2	T(N)/N^3
-------------------------------------------------------------------------------------------------
10000	1493E4	|	1123E3		1493E0		1123E-1		1493E-4		-2052E-5
20000	9689E3	|	6781E2		4844E-1		3391E-2		2422E-5		-6357E-6
30000	1612E4	|	1084E3		5373E-1		3612E-2		1791E-5		8781E-6
40000	2349E3	|	1537E2		5873E-2		3842E-3		1468E-6		3393E-6
50000	1879E4	|	1204E3		3758E-1		2408E-2		-1047E-5		-2580E-5
60000	1987E4	|	1252E3		3311E-1		2086E-2		-2859E-5		1104E-5
70000	3900E3	|	2423E2		5571E-2		3461E-3		6446E-6		-1018E-5
80000	1771E4	|	1088E3		2214E-1		1359E-2		8415E-6		1424E-5
90000	1674E4	|	1017E3		1860E-1		1130E-2		-3416E-5		-8458E-6
100000	1233E4	|	7422E2		1233E-1		-7422E-3		-8743E-6		8055E-6
110000	1649E4	|	9844E2		1499E-1		8949E-3		-2100E-5		-9287E-6
120000	3170E4	|	1879E3		2642E-1		1566E-2		2092E-5		2095E-5
130000	3451E3	|	2031E2		2655E-2		1563E-3		-1233E-5		-1059E-5
140000	3613E4	|	2113E3		2581E-1		1510E-2		-1927E-5		2939E-5
150000	5800E4	|	3373E3		3867E-1		2249E-2		5658E-5		3197E-5
160000	4776E4	|	-2762E3		-2985E-1		-1727E-2		2812E-4		-3514E-5
170000	6688E3	|	3849E2		3934E-2		2264E-3		-5742E-6		-3262E-5
180000	3039E4	|	1741E3		1688E-1		9671E-3		-1551E-5		2255E-5
190000	6100E4	|	3479E3		3211E-1		1831E-2		3505E-5		3691E-5
200000	3344E4	|	1899E3		1672E-1		9495E-3		2486E-5		5217E-5

--------------------------  Timing Analysis: Experiment 2: Cyclic Breadth First Search ---------------------------
-------------------------------------------------------------------------------------------------
N	T(N)  	|	T(N)/logN	T(N)/N		T(N)/Nlog(N)	T(N)/N^2	T(N)/N^3
-------------------------------------------------------------------------------------------------
10000	2817E4	|	2120E3		2817E0		2120E-1		2817E-4		-3873E-5
20000	1142E4	|	7990E2		5708E-1		3995E-2		2854E-5		-7490E-6
30000	1557E4	|	1047E3		5189E-1		3489E-2		1730E-5		8481E-6
40000	1047E4	|	6849E2		2617E-1		1712E-2		6544E-6		1512E-5
50000	1511E4	|	9682E2		3023E-1		1936E-2		-8420E-6		-2075E-5
60000	2120E4	|	1336E3		3533E-1		2226E-2		-3050E-5		1178E-5
70000	3870E4	|	2404E3		5528E-1		3435E-2		6396E-5		-1010E-4
80000	1800E4	|	1105E3		2250E-1		1381E-2		8551E-6		1447E-5
90000	2728E4	|	1657E3		3031E-1		1842E-2		-5567E-5		-1378E-5
100000	2533E4	|	1525E3		2533E-1		1525E-2		1796E-5		-1655E-5
110000	4743E3	|	2832E2		4312E-2		2575E-3		-6042E-6		-2672E-6
120000	5354E4	|	3173E3		4462E-1		2645E-2		3534E-5		3539E-5
130000	4352E4	|	2562E3		3348E-1		1971E-2		-1555E-4		-1335E-4
140000	3650E4	|	2135E3		2607E-1		1525E-2		-1947E-5		2969E-5
150000	5991E4	|	3484E3		3994E-1		2323E-2		5844E-5		3303E-5
160000	3788E4	|	2191E3		2368E-1		1370E-2		-2231E-4		2788E-5
170000	4296E4	|	2472E3		2527E-1		1454E-2		-3688E-5		-2096E-4
180000	9529E3	|	5458E2		5294E-2		3032E-3		-4862E-6		7071E-6
190000	2735E3	|	1560E2		1440E-2		8210E-4		1572E-6		1655E-6
200000	2344E4	|	1331E3		1172E-1		6654E-3		1742E-5		3657E-5

--------------------------  Timing Analysis: Experiment 3: Acyclic Breadth First Search With Edge Factor of 6 ---------------------------
-------------------------------------------------------------------------------------------------
N	T(N)  	|	T(N)/logN	T(N)/N		T(N)/Nlog(N)	T(N)/N^2	T(N)/N^3
-------------------------------------------------------------------------------------------------
10000	4692E3	|	3531E2		4692E-1		3531E-2		4692E-5		-6450E-6
20000	3683E3	|	2578E2		1842E-1		1289E-2		9208E-6		-2417E-6
30000	1242E3	|	-8350E1		-4139E-2		-2783E-3		-1380E-6		-6765E-7
40000	2458E4	|	1608E3		6145E-1		4020E-2		1536E-5		3550E-5
50000	1349E4	|	8645E2		2699E-1		1729E-2		-7518E-6		-1853E-5
60000	4639E4	|	2923E3		7732E-1		4871E-2		-6676E-5		2578E-5
70000	5580E3	|	-3467E2		-7971E-2		-4952E-3		-9222E-6		1456E-5
80000	1019E4	|	-6254E2		-1273E-1		-7818E-3		-4839E-6		-8191E-6
90000	1775E4	|	1078E3		1972E-1		1198E-2		-3622E-5		-8967E-6
100000	2440E4	|	1469E3		2440E-1		1469E-2		1730E-5		-1594E-5
110000	5662E4	|	3381E3		5147E-1		3074E-2		-7214E-5		-3190E-5
120000	6143E4	|	3641E3		5119E-1		3034E-2		4054E-5		4061E-5
130000	3920E4	|	2308E3		3015E-1		1775E-2		-1401E-4		-1203E-4
140000	5622E4	|	3289E3		4016E-1		2349E-2		-2999E-5		4574E-5
150000	2653E4	|	1543E3		1769E-1		1029E-2		2588E-5		1463E-5
160000	7019E4	|	4060E3		4387E-1		2538E-2		-4134E-4		5165E-5
170000	8446E4	|	4861E3		4968E-1		2859E-2		-7251E-5		-4120E-4
180000	3066E4	|	1756E3		1703E-1		9755E-3		-1564E-5		2275E-5
190000	1016E5	|	5796E3		5349E-1		3051E-2		5840E-5		6150E-5
200000	8034E4	|	4562E3		4017E-1		2281E-2		5972E-5		1254E-4

--------------------------  Timing Analysis: Experiment 4: Topological Sort ---------------------------
-------------------------------------------------------------------------------------------------
N	T(N)  	|	T(N)/logN	T(N)/N		T(N)/Nlog(N)	T(N)/N^2	T(N)/N^3
-------------------------------------------------------------------------------------------------
10000	9278E3	|	6982E2		9278E-1		6982E-2		9278E-5		-1275E-5
20000	1546E4	|	1082E3		7728E-1		5409E-2		3864E-5		-1014E-5
30000	3532E4	|	2375E3		1177E0		7915E-2		3924E-5		1924E-5
40000	2782E4	|	1820E3		6956E-1		4550E-2		1739E-5		4019E-5
50000	3282E4	|	2102E3		6563E-1		4205E-2		-1828E-5		-4506E-5
60000	4195E4	|	2643E3		6991E-1		4404E-2		-6036E-5		2331E-5
70000	3944E4	|	2451E3		5635E-1		3501E-2		6519E-5		-1029E-4
80000	4257E4	|	2613E3		5321E-1		3267E-2		2022E-5		3423E-5
90000	5153E4	|	3131E3		5726E-1		3479E-2		-1052E-4		-2604E-5
100000	4455E4	|	2682E3		4455E-1		2682E-2		3159E-5		-2911E-5
110000	5899E4	|	3522E3		5363E-1		3202E-2		-7516E-5		-3323E-5
120000	6312E4	|	3741E3		5260E-1		3117E-2		4166E-5		4172E-5
130000	9287E4	|	5467E3		7144E-1		4205E-2		-3318E-4		-2849E-4
140000	7123E4	|	4167E3		5088E-1		2976E-2		-3799E-5		5795E-5
150000	1003E5	|	5832E3		6685E-1		3888E-2		9782E-5		5528E-5
160000	1191E5	|	6888E3		7442E-1		4305E-2		-7012E-4		8762E-5
170000	1372E5	|	7895E3		8069E-1		4644E-2		-1178E-4		-6692E-4
180000	1332E5	|	7629E3		7399E-1		4238E-2		-6796E-5		9882E-5
190000	1524E5	|	8693E3		8023E-1		4575E-2		8760E-5		9223E-5
200000	1237E5	|	7025E3		6186E-1		3513E-2		9196E-5		1930E-4

--------------------------  Timing Analysis: Experiment 5: Topological Sort With Edge Factor of 6 ---------------------------
-------------------------------------------------------------------------------------------------
N	T(N)  	|	T(N)/logN	T(N)/N		T(N)/Nlog(N)	T(N)/N^2	T(N)/N^3
-------------------------------------------------------------------------------------------------
10000	1134E4	|	8531E2		1134E0		8531E-2		1134E-4		-1558E-5
20000	1714E4	|	1200E3		8571E-1		5999E-2		4286E-5		-1125E-5
30000	1651E4	|	1110E3		5505E-1		3701E-2		1835E-5		8997E-6
40000	3997E4	|	2614E3		9992E-1		6536E-2		2498E-5		5773E-5
50000	5024E4	|	3218E3		1005E0		6437E-2		-2799E-5		-6899E-5
60000	4708E4	|	2966E3		7846E-1		4943E-2		-6774E-5		2616E-5
70000	8225E4	|	5110E3		1175E0		7301E-2		1359E-4		-2146E-4
80000	3432E4	|	2107E3		4290E-1		2634E-2		1631E-5		2760E-5
90000	6796E4	|	4129E3		7551E-1		4588E-2		-1387E-4		-3434E-5
100000	1362E5	|	8201E3		1362E0		8201E-2		9660E-5		-8900E-5
110000	1111E5	|	6636E3		1010E0		6032E-2		-1416E-4		-6260E-5
120000	1507E5	|	8930E3		1256E0		7441E-2		9944E-5		9959E-5
130000	1573E5	|	9262E3		1210E0		7124E-2		-5622E-4		-4827E-4
140000	1694E5	|	9909E3		1210E0		7078E-2		-9036E-5		1378E-4
150000	1579E5	|	9182E3		1053E0		6122E-2		1540E-4		8704E-5
160000	1757E5	|	1016E4		1098E0		6353E-2		-1035E-3		1293E-4
170000	1353E5	|	7785E3		7956E-1		4579E-2		-1161E-4		-6598E-4
180000	2307E5	|	1321E4		1282E0		7342E-2		-1177E-4		1712E-4
190000	2346E5	|	1338E4		1235E0		7042E-2		1348E-4		1420E-4
200000	1944E5	|	1104E4		9720E-1		5520E-2		1445E-4		3033E-4